AAAAAAAAAAAAA 1.54056
3   0.45943
3.04   0.486913
3.08   0.515255
3.12   0.544492
3.16   0.574662
3.2   0.605805
3.24   0.640436
3.28   0.678408
3.32   0.717614
3.36   0.758107
3.4   0.799945
3.44   0.843189
3.48   0.887903
3.52   0.934154
3.56   0.982013
3.6   1.03156
3.64   1.08287
3.68   1.13603
3.72   1.19113
3.76   1.24827
3.8   1.30755
3.84   1.36907
3.88   1.43296
3.92   1.49934
3.96   1.56834
4   1.6401
4.04   1.71476
4.08   1.7925
4.12   1.87348
4.16   1.95788
4.2   2.04591
4.24   2.13777
4.28   2.23369
4.32   2.33392
4.36   2.43872
4.4   2.54837
4.44   2.66318
4.48   2.78349
4.52   2.90964
4.56   3.04204
4.6   3.18109
4.64   3.32726
4.68   3.48105
4.72   3.64299
4.76   3.81368
4.8   3.99377
4.84   4.20075
4.88   4.41936
4.92   4.65016
4.96   4.89411
5   5.15225
5.04   5.42575
5.08   5.7159
5.12   6.0241
5.16   6.35196
5.2   6.70122
5.24   7.07386
5.28   7.47208
5.32   7.89835
5.36   8.35545
5.4   8.84652
5.44   9.37513
5.48   9.94531
5.52   10.5617
5.56   11.2295
5.6   11.9549
5.64   12.7448
5.68   13.6073
5.72   14.5519
5.76   15.5897
5.8   16.7335
5.84   17.9989
5.88   19.404
5.92   20.9707
5.96   22.7254
6   24.7001
6.04   26.9341
6.08   29.4758
6.12   32.3856
6.16   35.7395
6.2   39.6345
6.24   44.1954
6.28   49.5858
6.32   56.0227
6.36   63.7991
6.4   73.3187
6.44   85.1498
6.48   100.112
6.52   119.423
6.56   144.954
6.6   179.695
6.64   228.657
6.68   300.741
6.72   412.926
6.76   600.834
6.8   954.254
6.84   1782.15
6.88   4072.51
6.92   8744.22
6.96   8667.01
7   4015.33
7.04   1763.9
7.08   951.092
7.12   603.6
7.16   419.288
7.2   310.035
7.24   240.768
7.28   194.795
7.32   163.43
7.36   141.883
7.4   127.44
7.44   118.62
7.48   114.794
7.52   116.086
7.56   123.518
7.6   139.553
7.64   169.471
7.68   225.109
7.72   338.9
7.76   627.79
7.8   1421.27
7.84   2710.92
7.88   2103
7.92   932.313
7.96   438.638
8   257.329
8.04   174.426
8.08   128.564
8.12   100.566
8.16   82.327
8.2   69.8735
8.24   61.0803
8.28   54.7334
8.32   50.1019
8.36   46.7275
8.4   44.3139
8.44   42.6664
8.48   41.6563
8.52   41.201
8.56   41.2508
8.6   41.7821
8.64   42.7932
8.68   44.3029
8.72   46.3504
8.76   48.9982
8.8   52.3364
8.84   56.4896
8.88   61.6281
8.92   67.9845
8.96   75.8788
9   85.7573
9.04   98.254
9.08   114.29
9.12   135.244
9.16   163.243
9.2   201.711
9.24   256.423
9.28   337.72
9.32   465.517
9.36   682.213
9.4   1098.27
9.44   2103.28
9.48   4875.01
9.52   10000
9.56   8765.73
9.6   3923.64
9.64   1750.9
9.68   963.049
9.72   615.209
9.76   426.703
9.8   313.049
9.84   239.558
9.88   189.446
9.92   153.822
9.96   127.642
10   107.875
10.04   92.6173
10.08   80.6248
10.12   71.0585
10.16   63.3365
10.2   57.0464
10.24   51.8901
10.28   47.6491
10.32   44.1615
10.36   41.3069
10.4   38.996
10.44   37.165
10.48   35.7699
10.52   34.7794
10.56   34.18
10.6   33.9729
10.64   34.1752
10.68   34.8222
10.72   35.9715
10.76   37.71
10.8   40.1646
10.84   43.5201
10.88   48.0477
10.92   54.1501
10.96   62.4422
11   73.8954
11.04   90.1078
11.08   113.852
11.12   150.257
11.16   209.612
11.2   315.466
11.24   539.147
11.28   1137.02
11.32   2652.67
11.36   4008.28
11.4   2312.86
11.44   984.338
11.48   483.418
11.52   289.512
11.56   193.848
11.6   138.887
11.64   104.495
11.68   81.5998
11.72   65.6057
11.76   53.9952
11.8   45.2988
11.84   38.6259
11.88   33.3892
11.92   29.201
11.96   25.7977
12   22.9939
12.04   20.6562
12.08   18.6866
12.12   17.0118
12.16   15.5763
12.2   14.337
12.24   13.2605
12.28   12.3204
12.32   11.4955
12.36   10.769
12.4   10.127
12.44   9.55844
12.48   9.05396
12.52   8.61037
12.56   8.21704
12.6   7.86856
12.64   7.56061
12.68   7.28963
12.72   7.05269
12.76   6.84745
12.8   6.67208
12.84   6.52519
12.88   6.40589
12.92   6.31367
12.96   6.2503
13   6.2185
13.04   6.21539
13.08   6.24265
13.12   6.3027
13.16   6.39896
13.2   6.53611
13.24   6.72048
13.28   6.96069
13.32   7.26853
13.36   7.66034
13.4   8.15917
13.44   8.79859
13.48   9.62811
13.52   10.7222
13.56   12.2003
13.6   14.261
13.64   17.2537
13.68   21.8376
13.72   29.3745
13.76   43.1801
13.8   74.2702
13.84   159.714
13.88   349.795
13.92   398.059
13.96   197.487
14   89.2763
14.04   50.2841
14.08   34.3902
14.12   26.3512
14.16   21.8497
14.2   19.2344
14.24   17.7365
14.28   16.9701
14.32   16.7352
14.36   16.9108
14.4   17.4501
14.44   18.3489
14.48   19.6508
14.52   21.4652
14.56   24.0266
14.6   27.8984
14.64   34.9148
14.68   50.8605
14.72   81.5647
14.76   86.6293
14.8   64.9578
14.84   58.964
14.88   64.146
14.92   76.0847
14.96   95.4065
15   126.256
15.04   178.273
15.08   276.579
15.12   509.025
15.16   1148.28
15.2   2384.72
15.24   2213.97
15.28   1028.25
15.32   484.18
15.36   295.328
15.4   223.803
15.44   200.253
15.48   209.559
15.52   258.525
15.56   393.732
15.6   768.166
15.64   1527.76
15.68   1765.32
15.72   1770.76
15.76   1402.77
15.8   690.801
15.84   370.748
15.88   262.852
15.92   241.412
15.96   296.066
16   519.896
16.04   1045.12
16.08   1149.51
16.12   578.1
16.16   274.461
16.2   163.963
16.24   118.714
16.28   97.1512
16.32   88.1044
16.36   88.5957
16.4   100.078
16.44   131.036
16.48   214.956
16.52   454.214
16.56   896.002
16.6   779.695
16.64   360.402
16.68   172.87
16.72   104.526
16.76   74.1854
16.8   57.7956
16.84   48.0963
16.88   42.1059
16.92   38.3939
16.96   36.2233
17   35.2089
17.04   35.1877
17.08   36.2226
17.12   38.5243
17.16   41.1627
17.2   43.835
17.24   48.2308
17.28   54.6987
17.32   63.7473
17.36   76.4554
17.4   94.744
17.44   122.085
17.48   165.177
17.52   238.266
17.56   378.331
17.6   715.453
17.64   1645.69
17.68   3387.44
17.72   3013.1
17.76   1358.94
17.8   611.265
17.84   341.099
17.88   223.146
17.92   160.435
17.96   124.063
18   102.466
18.04   90.5111
18.08   86.3409
18.12   90.7163
18.16   108.85
18.2   161.531
18.24   317.215
18.28   642.294
18.32   641.755
18.36   311.714
18.4   150.251
18.44   91.5593
18.48   66.4133
18.52   53.2195
18.56   45.7065
18.6   41.4101
18.64   39.2
18.68   38.5511
18.72   39.2662
18.76   41.38
18.8   45.1553
18.84   51.1667
18.88   60.5257
18.92   75.4096
18.96   100.438
19   147.418
19.04   257.377
19.08   556.999
19.12   1132.4
19.16   1054.56
19.2   519.701
19.24   288.608
19.28   235.418
19.32   272.611
19.36   448.307
19.4   962.793
19.44   1678.68
19.48   1163.31
19.52   515.901
19.56   256.028
19.6   159.461
19.64   114.885
19.68   91.2232
19.72   78.5787
19.76   73.0405
19.8   73.349
19.84   80.1415
19.88   96.6158
19.92   132.35
19.96   222.019
20   473.624
20.04   960.506
20.08   886.367
20.12   416.648
20.16   200.446
20.2   123.255
20.24   90.9189
20.28   75.0956
20.32   67.5073
20.36   64.9876
20.4   66.2884
20.44   71.1674
20.48   80.1513
20.52   94.6707
20.56   117.65
20.6   155.01
20.64   219.765
20.68   347.721
20.72   667.485
20.76   1525.02
20.8   2808.82
20.84   2111.65
20.88   1112.81
20.92   823.035
20.96   636.331
21   692.632
21.04   871.367
21.08   557.888
21.12   277.747
21.16   162.151
21.2   113.674
21.24   88.3297
21.28   73.2941
21.32   64.0039
21.36   58.3865
21.4   55.4284
21.44   54.6713
21.48   56.0165
21.52   59.6777
21.56   66.2407
21.6   76.8599
21.64   93.71
21.68   121.027
21.72   167.731
21.76   256.082
21.8   461.792
21.84   1032.34
21.88   2241.18
21.92   2346.12
21.96   1111.43
22   489.354
22.04   264.436
22.08   169.365
22.12   119.225
22.16   89.5444
22.2   70.7162
22.24   58.1947
22.28   49.6206
22.32   43.6921
22.36   39.6672
22.4   37.131
22.44   35.8904
22.48   35.9318
22.52   37.435
22.56   40.8812
22.6   47.2983
22.64   58.9039
22.68   81.1566
22.72   132.169
22.76   273.392
22.8   592.255
22.84   688.298
22.88   348.717
22.92   161.836
22.96   94.9872
23   68.7297
23.04   56.584
23.08   51.2321
23.12   50.1123
23.16   52.3635
23.2   58.0845
23.24   68.266
23.28   85.2397
23.32   114.051
23.36   166.772
23.4   281.836
23.44   593.532
23.48   1337.17
23.52   1761.29
23.56   961.72
23.6   488.626
23.64   390.294
23.68   422.588
23.72   370.103
23.76   225.791
23.8   170.661
23.84   189.872
23.88   315.342
23.92   658.532
23.96   916.746
24   514.529
24.04   229.674
24.08   122.188
24.12   78.9434
24.16   56.7149
24.2   43.5041
24.24   34.9855
24.28   29.1736
24.32   25.0475
24.36   22.0422
24.4   19.8274
24.44   18.2032
24.48   17.0497
24.52   16.3004
24.56   15.93
24.6   15.9524
24.64   16.4282
24.68   17.4866
24.72   19.3724
24.76   22.5533
24.8   27.9696
24.84   37.7478
24.88   58.1847
24.92   111.58
24.96   246.053
25   377.626
25.04   268.013
25.08   217.35
25.12   159.04
25.16   81.4877
25.2   46.5503
25.24   33.6964
25.28   31.302
25.32   39.7001
25.36   49.7543
25.4   34.0297
25.44   20.9388
25.48   15.6972
25.52   13.6312
25.56   12.7993
25.6   12.7119
25.64   13.3124
25.68   14.8057
25.72   17.8202
25.76   24.2818
25.8   41.2724
25.84   86.3694
25.88   143.195
25.92   97.1103
25.96   46.6726
26   27.1042
26.04   20.1246
26.08   17.1997
26.12   15.9788
26.16   15.713
26.2   16.1141
26.24   17.0945
26.28   18.6932
26.32   21.0721
26.36   24.5715
26.4   29.8644
26.44   38.3504
26.48   53.4055
26.52   86.0888
26.56   174.018
26.6   372.47
26.64   440.519
26.68   232.218
26.72   117.331
26.76   78.8135
26.8   67.0148
26.84   65.5976
26.88   70.6693
26.92   81.857
26.96   100.828
27   131.866
27.04   184.443
27.08   282.052
27.12   502.658
27.16   1104.1
27.2   2421.3
27.24   2824.68
27.28   1545.39
27.32   835.115
27.36   640.813
27.4   500.709
27.44   285.63
27.48   169.443
27.52   118.714
27.56   95.7848
27.6   86.9391
27.64   80.1377
27.68   87.4998
27.72   129.537
27.76   168.156
27.8   113.172
27.84   74.3077
27.88   66.9712
27.92   83.3197
27.96   144.578
28   276.281
28.04   283.201
28.08   173.457
28.12   160.429
28.16   159.569
28.2   96.1504
28.24   62.231
28.28   55.0696
28.32   67.1008
28.36   111.323
28.4   186.671
28.44   224.661
28.48   146.218
28.52   76.8836
28.56   51.3944
28.6   44.3993
28.64   45.3818
28.68   53.0653
28.72   71.4878
28.76   117.599
28.8   238.78
28.84   441.999
28.88   476.172
28.92   481.899
28.96   315.699
29   155.995
29.04   93.5415
29.08   73.8176
29.12   72.1381
29.16   85.4046
29.2   125.693
29.24   244.424
29.28   544.138
29.32   766.859
29.36   427.56
29.4   189.262
29.44   101.911
29.48   70.6493
29.52   62.509
29.56   77.2133
29.6   115.348
29.64   137.776
29.68   103.743
29.72   66.7286
29.76   43.1164
29.8   26.0503
29.84   17.8484
29.88   13.6706
29.92   11.1124
29.96   9.34853
30   8.04909
